# Blender v2.79 (sub 0) OBJ File: 'windshield_75_diamond.blend'
# www.blender.org
mtllib windshield_75_diamond.mtl
o Cube.006
v -0.337500 0.037500 0.400000
v -0.337500 0.037500 0.500000
v -0.037500 0.337500 0.400000
v -0.037500 0.337500 0.500000
v -0.300000 0.000000 0.400000
v -0.300000 0.000000 0.500000
v 0.000000 0.300000 0.400000
v 0.000000 0.300000 0.500000
vt 0.5 0.5
vn -0.7071 0.7071 0.0000
vn 0.7071 0.7071 0.0000
vn 0.7071 -0.7071 0.0000
vn -0.7071 -0.7071 0.0000
vn 0.0000 0.0000 -1.0000
vn 0.0000 0.0000 1.0000
usemtl None
s off
f 1/1/1 2/1/1 4/1/1 3/1/1
f 3/1/2 4/1/2 8/1/2 7/1/2
f 7/1/3 8/1/3 6/1/3 5/1/3
f 5/1/4 6/1/4 2/1/4 1/1/4
f 3/1/5 7/1/5 5/1/5 1/1/5
f 8/1/6 4/1/6 2/1/6 6/1/6
o Cube.004
v -0.337500 -0.037500 0.400000
v -0.337500 -0.037500 0.500000
v -0.300000 0.000000 0.400000
v -0.300000 0.000000 0.500000
v -0.037500 -0.337500 0.400000
v -0.037500 -0.337500 0.500000
v 0.000000 -0.300000 0.400000
v 0.000000 -0.300000 0.500000
vt 0.5 0.5
vn -0.7071 0.7071 0.0000
vn 0.7071 0.7071 0.0000
vn 0.7071 -0.7071 0.0000
vn -0.7071 -0.7071 0.0000
vn 0.0000 0.0000 -1.0000
vn 0.0000 0.0000 1.0000
usemtl None
s off
f 9/1/7 10/1/7 12/1/7 11/1/7
f 11/1/8 12/1/8 16/1/8 15/1/8
f 15/1/9 16/1/9 14/1/9 13/1/9
f 13/1/10 14/1/10 10/1/10 9/1/10
f 11/1/11 15/1/11 13/1/11 9/1/11
f 16/1/12 12/1/12 10/1/12 14/1/12
o Cube
v -0.375000 0.000000 -0.500000
v -0.375000 0.000000 0.500000
v -0.337500 0.037500 -0.500000
v -0.337500 0.037500 0.500000
v -0.337500 -0.037500 -0.500000
v -0.337500 -0.037500 0.500000
v -0.300000 0.000000 -0.500000
v -0.300000 0.000000 0.500000
vt 0.5 0.5
vn -0.7071 0.7071 0.0000
vn 0.7071 0.7071 0.0000
vn 0.7071 -0.7071 0.0000
vn -0.7071 -0.7071 0.0000
vn 0.0000 0.0000 -1.0000
vn 0.0000 0.0000 1.0000
usemtl None
s off
f 17/1/13 18/1/13 20/1/13 19/1/13
f 19/1/14 20/1/14 24/1/14 23/1/14
f 23/1/15 24/1/15 22/1/15 21/1/15
f 21/1/16 22/1/16 18/1/16 17/1/16
f 19/1/17 23/1/17 21/1/17 17/1/17
f 24/1/18 20/1/18 18/1/18 22/1/18
o Cube.001
v 0.300000 0.000000 -0.500000
v 0.300000 0.000000 0.500000
v 0.337500 0.037500 -0.500000
v 0.337500 0.037500 0.500000
v 0.337500 -0.037500 -0.500000
v 0.337500 -0.037500 0.500000
v 0.375000 0.000000 -0.500000
v 0.375000 0.000000 0.500000
vt 0.5 0.5
vn -0.7071 0.7071 0.0000
vn 0.7071 0.7071 0.0000
vn 0.7071 -0.7071 0.0000
vn -0.7071 -0.7071 0.0000
vn 0.0000 0.0000 -1.0000
vn 0.0000 0.0000 1.0000
usemtl None
s off
f 25/1/19 26/1/19 28/1/19 27/1/19
f 27/1/20 28/1/20 32/1/20 31/1/20
f 31/1/21 32/1/21 30/1/21 29/1/21
f 29/1/22 30/1/22 26/1/22 25/1/22
f 27/1/23 31/1/23 29/1/23 25/1/23
f 32/1/24 28/1/24 26/1/24 30/1/24
o Cube.003
v -0.037500 0.337500 -0.500000
v -0.037500 0.337500 0.500000
v 0.000000 0.375000 -0.500000
v 0.000000 0.375000 0.500000
v 0.000000 0.300000 -0.500000
v 0.000000 0.300000 0.500000
v 0.037500 0.337500 -0.500000
v 0.037500 0.337500 0.500000
vt 0.5 0.5
vn -0.7071 0.7071 0.0000
vn 0.7071 0.7071 0.0000
vn 0.7071 -0.7071 0.0000
vn -0.7071 -0.7071 0.0000
vn 0.0000 0.0000 -1.0000
vn 0.0000 0.0000 1.0000
usemtl None
s off
f 33/1/25 34/1/25 36/1/25 35/1/25
f 35/1/26 36/1/26 40/1/26 39/1/26
f 39/1/27 40/1/27 38/1/27 37/1/27
f 37/1/28 38/1/28 34/1/28 33/1/28
f 35/1/29 39/1/29 37/1/29 33/1/29
f 40/1/30 36/1/30 34/1/30 38/1/30
o Cube.002
v -0.037500 -0.337500 -0.500000
v -0.037500 -0.337500 0.500000
v 0.000000 -0.300000 -0.500000
v 0.000000 -0.300000 0.500000
v 0.000000 -0.375000 -0.500000
v 0.000000 -0.375000 0.500000
v 0.037500 -0.337500 -0.500000
v 0.037500 -0.337500 0.500000
vt 0.5 0.5
vn -0.7071 0.7071 0.0000
vn 0.7071 0.7071 0.0000
vn 0.7071 -0.7071 0.0000
vn -0.7071 -0.7071 0.0000
vn 0.0000 0.0000 -1.0000
vn 0.0000 0.0000 1.0000
usemtl None
s off
f 41/1/31 42/1/31 44/1/31 43/1/31
f 43/1/32 44/1/32 48/1/32 47/1/32
f 47/1/33 48/1/33 46/1/33 45/1/33
f 45/1/34 46/1/34 42/1/34 41/1/34
f 43/1/35 47/1/35 45/1/35 41/1/35
f 48/1/36 44/1/36 42/1/36 46/1/36
o Cube.005
v 0.000000 0.300000 0.400000
v 0.000000 0.300000 0.500000
v 0.037500 0.337500 0.400000
v 0.037500 0.337500 0.500000
v 0.300000 0.000000 0.400000
v 0.300000 0.000000 0.500000
v 0.337500 0.037500 0.400000
v 0.337500 0.037500 0.500000
vt 0.5 0.5
vn -0.7071 0.7071 0.0000
vn 0.7071 0.7071 0.0000
vn 0.7071 -0.7071 0.0000
vn -0.7071 -0.7071 0.0000
vn 0.0000 0.0000 -1.0000
vn 0.0000 0.0000 1.0000
usemtl None
s off
f 49/1/37 50/1/37 52/1/37 51/1/37
f 51/1/38 52/1/38 56/1/38 55/1/38
f 55/1/39 56/1/39 54/1/39 53/1/39
f 53/1/40 54/1/40 50/1/40 49/1/40
f 51/1/41 55/1/41 53/1/41 49/1/41
f 56/1/42 52/1/42 50/1/42 54/1/42
o Cube.007
v 0.000000 -0.300000 0.400000
v 0.000000 -0.300000 0.500000
v 0.300000 0.000000 0.400000
v 0.300000 0.000000 0.500000
v 0.037500 -0.337500 0.400000
v 0.037500 -0.337500 0.500000
v 0.337500 -0.037500 0.400000
v 0.337500 -0.037500 0.500000
vt 0.5 0.5
vn -0.7071 0.7071 0.0000
vn 0.7071 0.7071 0.0000
vn 0.7071 -0.7071 0.0000
vn -0.7071 -0.7071 0.0000
vn 0.0000 0.0000 -1.0000
vn 0.0000 0.0000 1.0000
usemtl None
s off
f 57/1/43 58/1/43 60/1/43 59/1/43
f 59/1/44 60/1/44 64/1/44 63/1/44
f 63/1/45 64/1/45 62/1/45 61/1/45
f 61/1/46 62/1/46 58/1/46 57/1/46
f 59/1/47 63/1/47 61/1/47 57/1/47
f 64/1/48 60/1/48 58/1/48 62/1/48
